chr	pos	rate	cM
Chr01	263685	4.10929498	0
Chr01	1568045	4.84058157	5.36
Chr01	1910979	3.811306649	7.02
Chr01	3960145	3.416426925	14.83
Chr01	5142667	3.042381049	18.87
Chr01	6023556	4.21472937	21.55
Chr01	6248956	2.242892833	22.5
Chr01	6409463	2.85276368	22.86
Chr01	6795054	1.495656365	23.96
Chr01	7035751	2.837520205	24.32
Chr01	7744116	3.182018212	26.33
Chr01	8187231	2.191760065	27.74
Chr01	8556797	2.36646344	28.55
Chr01	10306243	6.636580834	32.69
Chr01	10336379	1.417836382	32.89
Chr01	10484492	0.629945069	33.1
Chr01	11119468	2.261326825	33.5
Chr01	11676663	4.177667859	34.76
Chr01	11796347	1.900172477	35.26
Chr01	13096229	0.848192031	37.73
Chr01	14345946	0.352477565	38.79
Chr01	15055211	0.131434024	39.04
Chr01	15435630	0	39.09
Chr01	15603287	1.389638853	39.09
Chr01	15855151	0.392673428	39.44
Chr01	16135282	1.367951629	39.55
Chr01	16208384	0.288575304	39.65
Chr01	16381649	1.256204754	39.7
Chr01	16938883	0.789404031	40.4
Chr01	17584940	0.728523138	40.91
Chr01	17722204	0.219736755	41.01
Chr01	18177294	0	41.11
Chr01	18883182	0.560427382	41.11
Chr01	19596923	1.12880407	41.51
Chr01	20128459	0.886544014	42.11
Chr01	21098518	0.333263348	42.97
Chr01	21398581	0.645945951	43.07
Chr01	21940422	0.389532483	43.42
Chr01	22453858	0.770653514	43.62
Chr01	22518738	1.397599623	43.67
Chr01	22633220	4.042952326	43.83
Chr01	22695056	0.235037512	44.08
Chr01	22907788	0.85741233	44.13
Chr01	23082733	1.219998211	44.28
Chr01	23205684	0.792192154	44.43
Chr01	23773728	0.693593734	44.88
Chr01	24797382	0.35144246	45.59
Chr01	26220090	0.508643019	46.09
Chr01	26731254	0	46.35
Chr01	26834125	0.871924468	46.35
Chr01	27522258	0.78486621	46.95
Chr01	28031899	0.965168154	47.35
Chr01	28404891	0.896082166	47.71
Chr01	29632457	0	48.81
Chr01	29658085	0.218500909	48.81
Chr01	29886917	0.85330126	48.86
Chr01	30133020	0.776403861	49.07
Chr01	31356610	0.257918418	50.02
Chr01	32132049	0.902771509	50.22
Chr01	32807746	0.354246052	50.83
Chr01	33654615	0	51.13
Chr01	33820308	0	51.13
Chr01	34129989	0	51.13
Chr01	34271313	0	51.13
Chr01	34445201	0	51.13
Chr01	34660253	0	51.13
Chr01	35495806	0	51.13
Chr01	36480777	0.944956049	51.13
Chr01	38396210	1.166265248	52.94
Chr01	38962119	0.325535669	53.6
Chr01	39422898	1.256455038	53.75
Chr01	40059610	1.114258654	54.55
Chr01	40292949	1.441844944	54.81
Chr01	42366681	2.124787521	57.8
Chr01	42606705	0.820784451	58.31
Chr01	42789457	7.475797107	58.46
Chr01	42842963	1.741594539	58.86
Chr01	43394182	2.41069712	59.82
Chr01	44398041	0	62.24
Chr01	44458049	1.806482381	62.24
Chr01	44734830	0.459071482	62.74
Chr01	44952661	3.504822032	62.84
Chr01	45383496	2.384715637	64.35
Chr01	45744126	1.26548639	65.21
Chr01	46139231	2.659708927	65.71
Chr01	46594168	2.690382714	66.92
Chr01	47315255	2.314662236	68.86
Chr01	47967618	2.493236986	70.37
Chr01	49118732	2.937255959	73.24
Chr01	50858451	0	78.35
Chr01	50868930	2.441368205	78.35
Chr01	51446475	2.658693232	79.76
Chr01	52454489	2.946854611	82.44
Chr01	52983867	2.051231559	84
Chr01	53105745	2.510662198	84.25
Chr01	54029804	4.442981734	86.57
Chr01	54212114	1.403628921	87.38
Chr01	55508753	0	89.2
Chr01	56410773	0	89.2
Chr01	56628377	0	89.2
Chr01	57021837	0	89.2
Chr01	57350366	0	89.2
Chr01	57498156	0	89.2
Chr01	57606369	0	89.2
Chr01	58019690	0	89.2
Chr01	58818529	0.464307679	89.2
Chr01	60132313	2.38965225	89.81
Chr01	60492198	3.631298033	90.67
Chr01	61131088	2.859790377	92.99
Chr01	62470347	2.188057335	96.82
Chr01	62954795	0.66357441	97.88
Chr01	63105494	4.727873149	97.98
Chr01	64218045	3.843455449	103.24
Chr01	64545875	5.369623988	104.5
Chr01	65778736	6.618838584	111.12
Chr01	66567394	4.11947521	116.34
Chr01	67142710	0	118.71
Chr02	29293	4.535546629	0
Chr02	1596910	5.827538109	7.11
Chr02	2499521	4.759253987	12.37
Chr02	2970183	3.422128564	14.61
Chr02	3636435	2.136943083	16.89
Chr02	3893812	2.877286481	17.44
Chr02	4439465	4.620795495	19.01
Chr02	5274819	1.768415241	22.87
Chr02	5506665	3.144785945	23.28
Chr02	5649759	3.799273778	23.73
Chr02	5810316	2.73462892	24.34
Chr02	6033381	2.931163458	24.95
Chr02	6360896	2.901579268	25.91
Chr02	7077747	2.187877941	27.99
Chr02	7406833	4.745101761	28.71
Chr02	7522742	1.111901797	29.26
Chr02	7657646	5.398570799	29.41
Chr02	7798424	3.835519439	30.17
Chr02	8035680	0.991329174	31.08
Chr02	8186992	3.148438519	31.23
Chr02	8669771	4.458490543	32.75
Chr02	8999479	2.525513901	34.22
Chr02	9241014	0.996512207	34.83
Chr02	9291189	1.541619238	34.88
Chr02	9849044	1.880909257	35.74
Chr02	10465767	2.878723492	36.9
Chr02	10976410	2.787682731	38.37
Chr02	11302846	0	39.28
Chr02	11353572	1.653775352	39.28
Chr02	11722425	3.223633841	39.89
Chr02	11896142	2.255020239	40.45
Chr02	12073524	3.553867307	40.85
Chr02	12245168	1.317089233	41.46
Chr02	12397018	0.643635022	41.66
Chr02	13096172	0.758880803	42.11
Chr02	13359718	0.947250949	42.31
Chr02	14373177	0.328388891	43.27
Chr02	14677694	0.798719493	43.37
Chr02	14990695	1.315789474	43.62
Chr02	15302295	0.649705034	44.03
Chr02	16071875	0.457034214	44.53
Chr02	16290677	0.428340736	44.63
Chr02	16524136	0.920301859	44.73
Chr02	17023972	0.263209844	45.19
Chr02	18543672	0	45.59
Chr02	18981480	0.168425024	45.59
Chr02	19278348	0.266639647	45.64
Chr02	19465867	0	45.69
Chr02	20175496	0	45.69
Chr02	20772645	0	45.69
Chr02	21177872	0	45.69
Chr02	21751520	0	45.69
Chr02	22659207	0	45.69
Chr02	23411039	0	45.69
Chr02	24486132	0	45.69
Chr02	24823125	0	45.69
Chr02	25457820	0	45.69
Chr02	25694382	0	45.69
Chr02	25783057	0.190217495	45.69
Chr02	26045914	0.167457625	45.74
Chr02	26941663	0.525318721	45.89
Chr02	27246240	0	46.05
Chr02	27566131	0.2490933	46.05
Chr02	28168315	0.337239011	46.2
Chr02	29650943	0.721334866	46.7
Chr02	30912493	0.223447709	47.61
Chr02	31583791	1.46768524	47.76
Chr02	31720060	0	47.96
Chr02	31949888	0.80262834	47.96
Chr02	32136774	1.042364023	48.11
Chr02	32817918	1.116810983	48.82
Chr02	33220851	0.358525742	49.27
Chr02	33360311	0.945607316	49.32
Chr02	33952523	1.604404885	49.88
Chr02	35086900	1.30102071	51.7
Chr02	35594194	0	52.36
Chr02	35646001	1.97409981	52.36
Chr02	35797969	2.332714516	52.66
Chr02	36518160	1.930610354	54.34
Chr02	36803044	1.398937596	54.89
Chr02	37310572	2.914506443	55.6
Chr02	37554181	3.073424102	56.31
Chr02	37586718	3.557004706	56.41
Chr02	37856608	1.029286636	57.37
Chr02	38148072	0.457816763	57.67
Chr02	38366500	3.430252847	57.77
Chr02	38870836	2.941699867	59.5
Chr02	39146187	1.285578382	60.31
Chr02	39223973	3.314287848	60.41
Chr02	39652421	1.44742338	61.83
Chr02	39894230	3.320821551	62.18
Chr02	40092976	0.539589696	62.84
Chr02	40278302	3.08199361	62.94
Chr02	40755266	3.173766552	64.41
Chr02	41108159	1.793128181	65.53
Chr02	41253157	0.770226138	65.79
Chr02	41642653	4.009983735	66.09
Chr02	42176321	1.737866982	68.23
Chr02	42527326	3.085031474	68.84
Chr02	42951957	1.465575522	70.15
Chr02	43163478	1.522425325	70.46
Chr02	43360532	6.737996492	70.76
Chr02	43532690	0.596615994	71.92
Chr02	43616496	3.491001415	71.97
Chr02	44750841	4.117233756	75.93
Chr02	44974292	5.410396786	76.85
Chr02	46266249	3.214552966	83.84
Chr02	46835535	0	85.67
Chr03	292149	3.858195503	0
Chr03	450254	5.782432755	0.61
Chr03	1384117	3.416897457	6.01
Chr03	1606541	0	6.77
Chr03	1632325	3.420602105	6.77
Chr03	3398096	4.493090952	12.81
Chr03	3669624	3.09322021	14.03
Chr03	4325898	0.299638037	16.06
Chr03	4492766	1.782489387	16.11
Chr03	4919136	1.614617433	16.87
Chr03	5482737	2.801593899	17.78
Chr03	5914634	3.207472662	18.99
Chr03	7114956	3.829564236	22.84
Chr03	7511868	1.724417582	24.36
Chr03	8097573	2.465288276	25.37
Chr03	8527543	4.770034143	26.43
Chr03	8686871	0.992555831	27.19
Chr03	8837996	1.778764167	27.34
Chr03	10063566	1.426541664	29.52
Chr03	10414064	1.312374848	30.02
Chr03	10650277	1.145818812	30.33
Chr03	11173920	1.223033517	30.93
Chr03	11885266	0.600539799	31.8
Chr03	12468075	0.896223315	32.15
Chr03	13137551	0.896840229	32.75
Chr03	13483209	0.794514671	33.06
Chr03	13734935	0.465626844	33.26
Chr03	14593992	0.83116768	33.66
Chr03	14774461	0.59865104	33.81
Chr03	15375813	0.230336199	34.17
Chr03	15809961	0.275872723	34.27
Chr03	16716176	0.108622686	34.52
Chr03	17176485	0.576461907	34.57
Chr03	17263221	0.500889078	34.62
Chr03	17462866	0.726547061	34.72
Chr03	17875778	0	35.02
Chr03	18691405	0	35.02
Chr03	19212042	0	35.02
Chr03	21680218	0	35.02
Chr03	22390847	0	35.02
Chr03	22919797	0	35.02
Chr03	23197960	0	35.02
Chr03	23444838	0	35.02
Chr03	23553877	0	35.02
Chr03	24456371	0	35.02
Chr03	24600921	0.350692618	35.02
Chr03	25171221	0	35.22
Chr03	25402023	0.212194556	35.22
Chr03	26156048	0.810057676	35.38
Chr03	26402944	0.251480381	35.58
Chr03	26999412	0.560244063	35.73
Chr03	27981127	0.314261337	36.28
Chr03	28617540	0.505728073	36.48
Chr03	29329385	0	36.84
Chr03	29474687	0.997904401	36.84
Chr03	29775317	0.779619702	37.14
Chr03	30160120	0.536333943	37.44
Chr03	30346571	0.306361286	37.54
Chr03	30509777	0.191594127	37.59
Chr03	31292682	1.130534319	37.74
Chr03	31434208	1.111720576	37.9
Chr03	32387685	2.047595213	38.96
Chr03	33178857	0	40.58
Chr03	33382293	1.001310465	40.58
Chr03	34181246	2.494535305	41.38
Chr03	35684532	2.089062794	45.13
Chr03	36412131	1.934834765	46.65
Chr03	36644709	1.622901535	47.1
Chr03	37396449	2.811953832	48.32
Chr03	37627605	3.453796024	48.97
Chr03	38024270	2.661564287	50.34
Chr03	38501433	1.717298346	51.61
Chr03	38559664	1.573599496	51.71
Chr03	38782084	3.91547469	52.06
Chr03	39354173	5.498559565	54.3
Chr03	39779739	4.540273646	56.64
Chr03	39991180	4.109560893	57.6
Chr03	40039847	5.035163602	57.8
Chr03	40282143	5.182281105	59.02
Chr03	40637199	4.452492464	60.86
Chr03	41173977	6.054854137	63.25
Chr03	42300346	0	70.07
Chr04	187918	6.611295418	0
Chr04	440516	4.828727612	1.67
Chr04	711809	6.240685053	2.98
Chr04	1091575	4.79940788	5.35
Chr04	1956265	8.875309181	9.5
Chr04	2024995	3.3265535	10.11
Chr04	2130209	1.828699612	10.46
Chr04	2294260	7.36758807	10.76
Chr04	2514142	2.42190686	12.38
Chr04	3075683	1.311939966	13.74
Chr04	3380575	1.720267572	14.14
Chr04	3735171	2.059788803	14.75
Chr04	3880817	2.617192044	15.05
Chr04	4052757	3.924835949	15.5
Chr04	4343215	2.372500088	16.64
Chr04	5026039	1.821616867	18.26
Chr04	5218176	3.122605449	18.61
Chr04	5669722	2.32073753	20.02
Chr04	5842081	2.481965717	20.42
Chr04	5966982	3.289801488	20.73
Chr04	7532426	2.49538354	25.88
Chr04	7552463	0.366727005	25.93
Chr04	8234169	0.340664432	26.18
Chr04	8380941	1.702082214	26.23
Chr04	8680574	1.361254169	26.74
Chr04	8900959	1.964704091	27.04
Chr04	9104552	0.584515107	27.44
Chr04	10575857	0.082900455	28.3
Chr04	11178990	0.638762674	28.35
Chr04	11648648	2.800963531	28.65
Chr04	11791456	1.802480342	29.05
Chr04	12102139	1.144508505	29.61
Chr04	12801129	1.30150037	30.41
Chr04	12993215	0.960454295	30.66
Chr04	13992742	0.634474475	31.62
Chr04	16293859	0.821396302	33.08
Chr04	16853881	0.543892937	33.54
Chr04	17497390	0	33.89
Chr04	17550571	0.266733528	33.89
Chr04	18487836	0.208973314	34.14
Chr04	18727101	0	34.19
Chr04	19764627	0	34.19
Chr04	19943503	0	34.19
Chr04	20510234	0.287310914	34.19
Chr04	20858289	0	34.29
Chr04	21012902	-0.216799348	34.29
Chr04	21243530	-0.18591853	34.24
Chr04	21512465	0	34.19
Chr04	21650829	1.109368991	34.19
Chr04	21786041	0.284433522	34.34
Chr04	21961829	0.375319021	34.39
Chr04	22361489	0.538278419	34.54
Chr04	23680509	0	35.25
Chr04	23804928	0.219479701	35.25
Chr04	24260551	0.241921047	35.35
Chr04	24467230	1.315097317	35.4
Chr04	24581290	0.848345514	35.55
Chr04	24817043	1.604489719	35.75
Chr04	25097506	0.16143353	36.2
Chr04	25407231	0.209308919	36.25
Chr04	25932770	0.718029726	36.36
Chr04	26072040	0.852079073	36.46
Chr04	26435856	1.469620838	36.77
Chr04	27150326	1.237207739	37.82
Chr04	28007094	0.746536073	38.88
Chr04	28141046	0.852379967	38.98
Chr04	28551661	1.099472676	39.33
Chr04	28788138	1.28660388	39.59
Chr04	29021310	1.692936291	39.89
Chr04	29765579	1.661990011	41.15
Chr04	30126592	0	41.75
Chr04	30143523	2.458814851	41.75
Chr04	30432280	0.766837307	42.46
Chr04	31292958	3.315063649	43.12
Chr04	31519198	1.692257018	43.87
Chr04	31850117	1.88058691	44.43
Chr04	32089404	1.979294159	44.88
Chr04	33079656	1.106407263	46.84
Chr04	33766564	1.529668618	47.6
Chr04	34126119	1.267085861	48.15
Chr04	34252393	2.64140602	48.31
Chr04	34555262	1.411553931	49.11
Chr04	35660427	2.314649157	50.67
Chr04	36554731	1.776960246	52.74
Chr04	37578952	2.024734152	54.56
Chr04	37702425	2.307497976	54.81
Chr04	38205134	2.581763823	55.97
Chr04	38518873	1.666705976	56.78
Chr04	39154858	1.468022794	57.84
Chr04	39563571	0.306727767	58.44
Chr04	39726582	3.10855602	58.49
Chr04	39993587	2.626871317	59.32
Chr04	40374268	2.728466431	60.32
Chr04	40432909	2.774167364	60.48
Chr04	41211521	2.518369282	62.64
Chr04	41751553	1.699142207	64
Chr04	41933998	0.946158832	64.31
Chr04	42145379	2.262124321	64.51
Chr04	42521132	1.513084125	65.36
Chr04	42891237	3.383458647	65.92
Chr04	43024237	1.080555405	66.37
Chr04	43209327	3.190860869	66.57
Chr04	43525856	1.628187176	67.58
Chr04	43679401	2.881435778	67.83
Chr04	44116683	1.543651451	69.09
Chr04	44382287	3.728062062	69.5
Chr04	44733676	4.914440042	70.81
Chr04	45185406	4.370756724	73.03
Chr04	45391320	2.502558419	73.93
Chr04	45615091	2.657689582	74.49
Chr04	45987595	3.640879597	75.48
Chr04	46388597	2.002506167	76.94
Chr04	46718184	3.272841552	77.6
Chr04	47255943	3.731492875	79.36
Chr04	47580210	0	80.57
Chr04	47809372	0	80.57
Chr04	48570652	0	80.57
Chr04	48629224	0	80.57
Chr04	49810338	0	80.57
Chr04	50161127	0	80.57
Chr04	51225414	0.946806679	80.57
Chr04	51922494	1.864732318	81.23
Chr04	52458764	3.95431602	82.23
Chr04	53877467	0	87.84
Chr05	18845	0	0
Chr05	152161	1.440789322	0
Chr05	325677	4.661806379	0.25
Chr05	2723889	1.239648931	11.43
Chr05	2804557	2.106031258	11.53
Chr05	3141684	3.067534847	12.24
Chr05	3386180	3.107698095	12.99
Chr05	3875288	1.254915084	14.51
Chr05	4162160	2.251210025	14.87
Chr05	4721859	4.356493917	16.13
Chr05	5068468	2.786721512	17.64
Chr05	6733507	2.974638453	22.28
Chr05	7005809	3.103827215	23.09
Chr05	7363432	2.471613519	24.2
Chr05	7565729	2.771642631	24.7
Chr05	7912094	4.949440886	25.66
Chr05	8085851	3.884082064	26.52
Chr05	8747526	3.599631495	29.09
Chr05	9239243	2.743952312	30.86
Chr05	10376289	2.511511093	33.98
Chr05	10495739	3.136805641	34.28
Chr05	10642385	3.137160989	34.74
Chr05	11059960	1.601935138	36.05
Chr05	11184809	3.005801196	36.25
Chr05	11317885	8.427119013	36.65
Chr05	11354671	3.623632775	36.96
Chr05	11534049	2.41491901	37.61
Chr05	12035101	1.392893458	38.82
Chr05	12106894	2.579658912	38.92
Chr05	12420889	3.184456265	39.73
Chr05	12643847	2.990802312	40.44
Chr05	13416215	2.189186934	42.75
Chr05	14338932	1.909353689	44.77
Chr05	15318321	0.945161717	46.64
Chr05	15371222	1.957289041	46.69
Chr05	15989424	0.39022732	47.9
Chr05	17142598	0.964245767	48.35
Chr05	17350014	0.224824187	48.55
Chr05	17572410	0.471962718	48.6
Chr05	18313994	0.439599086	48.95
Chr05	18427734	2.472366779	49
Chr05	18593567	1.129938396	49.41
Chr05	18814818	0.244271229	49.66
Chr05	19224199	0	49.76
Chr05	19337015	0.613308801	49.76
Chr05	19500065	1.484507678	49.86
Chr05	19836877	0	50.36
Chr05	20134762	0.421411053	50.36
Chr05	20372060	0.563316809	50.46
Chr05	20549580	0.205624234	50.56
Chr05	20792742	0.493264474	50.61
Chr05	20995473	0.738116327	50.71
Chr05	21212241	0.55705341	50.87
Chr05	21391757	0.734110904	50.97
Chr05	22072853	0.456148887	51.47
Chr05	22401693	0	51.62
Chr05	22638121	0	51.62
Chr05	24435095	0	51.62
Chr05	24517135	0	51.62
Chr05	25226734	0	51.62
Chr05	25541348	0	51.62
Chr05	25742563	0.087729918	51.62
Chr05	26882425	0.70550553	51.72
Chr05	27307652	0.915695013	52.02
Chr05	27471462	0.15916977	52.17
Chr05	27848418	0.07246923	52.23
Chr05	28538366	0.194404268	52.28
Chr05	29567150	0	52.48
Chr05	29925305	0.111385739	52.48
Chr05	30823086	0	52.58
Chr05	30926342	0	52.58
Chr05	31142284	0	52.58
Chr05	31518615	0.649485607	52.58
Chr05	31595599	0.538305844	52.63
Chr05	31688483	0.116956237	52.68
Chr05	32971014	0.266393879	52.83
Chr05	33158706	0	52.88
Chr05	33831617	0	52.88
Chr05	34835747	0	52.88
Chr05	35457239	0	52.88
Chr05	35954268	0	52.88
Chr05	36143290	0	52.88
Chr05	36345119	0	52.88
Chr05	36486633	0	52.88
Chr05	36879328	0	52.88
Chr05	36904703	0	52.88
Chr05	37041814	0	52.88
Chr05	37583481	0	52.88
Chr05	37875864	0	52.88
Chr05	38077031	0	52.88
Chr05	38390664	0	52.88
Chr06	293362	0	0
Chr06	1047528	0	0
Chr06	1151967	0.947551947	0
Chr06	1626875	0.720048675	0.45
Chr06	1904634	0.826750382	0.65
Chr06	2763418	0	1.36
Chr06	3097566	0.447251861	1.36
Chr06	3768329	1.18552009	1.66
Chr06	4999856	0.58379161	3.12
Chr06	5171150	0.738158588	3.22
Chr06	7284517	1.106878141	4.78
Chr06	7781410	0	5.33
Chr06	8218996	0.274806578	5.33
Chr06	9165116	0	5.59
Chr06	9770362	0	5.59
Chr06	10049011	0.176208659	5.59
Chr06	10616520	0.310223733	5.69
Chr06	10777694	0	5.74
Chr06	10896248	0	5.74
Chr06	11037399	0	5.74
Chr06	11091293	0	5.74
Chr06	11296513	0.221036484	5.74
Chr06	11975134	0	5.89
Chr06	12093188	0.59168009	5.89
Chr06	12769229	0.164156172	6.29
Chr06	13073817	0.035224737	6.34
Chr06	14493274	0.53530516	6.39
Chr06	14773488	0	6.54
Chr06	15309912	0	6.54
Chr06	15370307	0	6.54
Chr06	15567959	0	6.54
Chr06	16302883	0	6.54
Chr06	16758817	0.041083115	6.54
Chr06	17975862	0	6.59
Chr06	18200033	0	6.59
Chr06	18303538	0	6.59
Chr06	18421998	0	6.59
Chr06	20057056	0	6.59
Chr06	20224358	0	6.59
Chr06	20648440	0.323029761	6.59
Chr06	21267578	0.219937802	6.79
Chr06	21494915	0.578700659	6.84
Chr06	21684996	0.168449234	6.95
Chr06	22575472	0.649517949	7.1
Chr06	23037353	0.208059966	7.4
Chr06	23758299	0	7.55
Chr06	24305248	0.423122816	7.55
Chr06	24659755	0.434671106	7.7
Chr06	24889814	0	7.8
Chr06	25044411	0	7.8
Chr06	25245621	0.136869306	7.8
Chr06	25610933	0.663454564	7.85
Chr06	26289201	1.029841642	8.3
Chr06	26541667	0.227303723	8.56
Chr06	26981607	0.215964996	8.66
Chr06	27213126	1.350475367	8.71
Chr06	27472294	0	9.06
Chr06	27499501	1.219790773	9.06
Chr06	27950398	1.37475332	9.61
Chr06	28175893	0	9.92
Chr06	28414686	0.792701509	9.92
Chr06	28982365	1.548668759	10.37
Chr06	29795967	1.814303308	11.63
Chr06	30159743	0	12.29
Chr06	30231839	0.517060408	12.29
Chr06	30618641	1.594303024	12.49
Chr06	31183151	1.776576061	13.39
Chr06	31413932	2.791880407	13.8
Chr06	32209095	1.790066251	16.02
Chr06	32745388	3.516668152	16.98
Chr06	34383302	3.178363605	22.74
Chr06	35097506	1.881658533	25.01
Chr06	35501405	4.202507496	25.77
Chr06	35801226	3.713942054	27.03
Chr06	36275116	6.133665614	28.79
Chr06	36482170	4.619953452	30.06
Chr06	37114211	2.822554061	32.98
Chr06	37599587	4.836155724	34.35
Chr06	40291808	7.250702652	47.37
Chr06	40682115	6.982215589	50.2
Chr06	41077405	7.044911747	52.96
Chr06	41652288	0	57.01
Chr07	97737	4.355171977	0
Chr07	1525924	4.52079566	6.22
Chr07	2240400	3.412546484	9.45
Chr07	2668233	4.055234569	10.91
Chr07	3195946	3.177377075	13.05
Chr07	3498082	2.35452405	14.01
Chr07	3646732	4.669177169	14.36
Chr07	4764702	3.515046596	19.58
Chr07	4992295	5.360264024	20.38
Chr07	5729199	3.013774222	24.33
Chr07	6435954	3.076328724	26.46
Chr07	6715508	2.697756366	27.32
Chr07	7316007	1.292131565	28.94
Chr07	7625573	2.434808015	29.34
Chr07	7871999	2.875179699	29.94
Chr07	8031989	0	30.4
Chr07	8054055	3.069200235	30.4
Chr07	8200673	1.476632294	30.85
Chr07	9053966	1.548353035	32.11
Chr07	9447933	1.07609862	32.72
Chr07	9773182	1.677852349	33.07
Chr07	9981782	0	33.42
Chr07	10084824	0.799309397	33.42
Chr07	10522702	2.367014214	33.77
Chr07	10695916	1.375392847	34.18
Chr07	10841329	0	34.38
Chr07	11109874	0	34.38
Chr07	11437211	2.072042417	34.38
Chr07	12117699	1.951069378	35.79
Chr07	12481602	2.794271743	36.5
Chr07	12696327	0.688741004	37.1
Chr07	13582001	0.573205326	37.71
Chr07	14367060	0.481653807	38.16
Chr07	14574678	0.577428049	38.26
Chr07	15267405	0	38.66
Chr07	15533528	0.33630725	38.66
Chr07	16157957	0	38.87
Chr07	16745983	0	38.87
Chr07	18219455	0	38.87
Chr07	18879320	0	38.87
Chr07	19230400	0	38.87
Chr07	19882543	0	38.87
Chr07	20016122	0	38.87
Chr07	20599592	0	38.87
Chr07	21066043	0	38.87
Chr07	21267073	0	38.87
Chr07	21504549	0	38.87
Chr07	22172370	0	38.87
Chr07	22219538	0.144314305	38.87
Chr07	22566004	0.041827633	38.92
Chr07	23761386	0	38.97
Chr07	23848789	0.305973209	38.97
Chr07	24339028	0.536028419	39.12
Chr07	25365093	1.625340007	39.67
Chr07	26201841	1.040998693	41.03
Chr07	26441995	1.59512442	41.28
Chr07	27169211	0.899791505	42.44
Chr07	27558190	0	42.79
Chr07	27564934	1.586747842	42.79
Chr07	28453544	1.657002635	44.2
Chr07	29370863	1.974203738	45.72
Chr07	30009095	3.179594841	46.98
Chr07	30468273	1.984341385	48.44
Chr07	30977258	2.558845517	49.45
Chr07	31922997	2.636425008	51.87
Chr07	32173336	1.60363533	52.53
Chr07	32803155	4.438953914	53.54
Chr07	33280745	2.391254165	55.66
Chr07	34125490	0	57.68
Chr08	247176	4.522927858	0
Chr08	660625	4.640491734	1.87
Chr08	1546307	4.123027892	5.98
Chr08	3018526	2.514136212	12.05
Chr08	4526002	1.921022203	15.84
Chr08	5072586	2.11712592	16.89
Chr08	5195394	2.47368982	17.15
Chr08	6480923	1.117296406	20.33
Chr08	7241688	1.984940068	21.18
Chr08	7397864	1.330292664	21.49
Chr08	7660964	2.1293544	21.84
Chr08	8820940	2.383883666	24.31
Chr08	10071001	3.141869205	27.29
Chr08	10650274	3.839711254	29.11
Chr08	10858623	2.017865146	29.91
Chr08	11284816	0.538300048	30.77
Chr08	11377701	1.40186097	30.82
Chr08	11663036	2.572656338	31.22
Chr08	12016756	0.806308558	32.13
Chr08	12140778	1.839159382	32.23
Chr08	12303896	0	32.53
Chr08	12319508	2.138569445	32.53
Chr08	13334205	2.056407251	34.7
Chr08	13528719	2.8711607	35.1
Chr08	16377741	3.373001233	43.28
Chr08	16662354	3.32232299	44.24
Chr08	17026557	2.559796855	45.45
Chr08	17319549	1.039139177	46.2
Chr08	17512016	2.363082705	46.4
Chr08	18218720	3.556486708	48.07
Chr08	18373367	1.415001477	48.62
Chr08	18698455	1.602546981	49.08
Chr08	18979258	2.784939385	49.53
Chr08	19216247	0.874125874	50.19
Chr08	19330647	0	50.29
Chr08	19392747	0.958715321	50.29
Chr08	19809972	1.825150575	50.69
Chr08	20166107	1.821437782	51.34
Chr08	20720614	2.297449708	52.35
Chr08	21534560	1.142066553	54.22
Chr08	21841022	1.057102682	54.57
Chr08	22938361	0.924248586	55.73
Chr08	23425243	0.132053994	56.18
Chr08	24182509	0.28749346	56.28
Chr08	24530343	0.229108721	56.38
Chr08	24966817	0.87157869	56.48
Chr08	25311020	0.310684438	56.78
Chr08	25471955	0.588575023	56.83
Chr08	25743798	0	56.99
Chr08	25811226	0.858521844	56.99
Chr08	26451862	0	57.54
Chr08	26530248	0	57.54
Chr08	26901486	0	57.54
Chr08	27395610	0	57.54
Chr08	27584916	0	57.54
Chr08	27644979	0	57.54
Chr08	27845090	0	57.54
Chr08	28144681	0	57.54
Chr08	28531631	0	57.54
Chr08	28967814	0	57.54
Chr08	29152895	0	57.54
Chr08	29253786	0	57.54
Chr08	30218002	0	57.54
Chr08	30651954	0	57.54
Chr08	31804897	0	57.54
Chr08	32677398	0	57.54
Chr08	32766258	0.30179113	57.54
Chr08	33097613	1.132615067	57.64
Chr08	33238879	0.150104172	57.8
Chr08	33571981	0	57.85
Chr08	34062955	0.622682174	57.85
Chr08	37290926	0.618062251	59.86
Chr08	37452722	2.105560619	59.96
Chr08	37813671	1.455447314	60.72
Chr08	40376457	2.063089653	64.45
Chr08	40914485	2.445301413	65.56
Chr08	41163943	2.232911967	66.17
Chr08	41683444	2.621915053	67.33
Chr08	42934438	4.102823304	70.61
Chr08	44216482	2.005716291	75.87
Chr08	44395969	3.918203582	76.23
Chr08	44651188	0.567375887	77.23
Chr08	44739313	2.347004635	77.28
Chr08	44892700	3.720203495	77.64
Chr08	45107742	14.19816759	78.44
Chr08	45190147	3.013114581	79.61
Chr08	45322900	4.760816575	80.01
Chr08	45375412	6.752194463	80.26
Chr08	45532398	4.758142445	81.32
Chr08	45872867	5.160444418	82.94
Chr08	46775890	0	87.6
Chr08	46816102	0	87.6
Chr08	46884763	0	87.6
Chr09	392419	1.886782425	0
Chr09	768721	2.2583996	0.71
Chr09	2681580	2.759071355	5.03
Chr09	2957035	1.409487707	5.79
Chr09	3496238	1.090304468	6.55
Chr09	4046543	0.765415468	7.15
Chr09	4307839	1.117263821	7.35
Chr09	4451046	0.445624855	7.51
Chr09	4787652	0.907501063	7.66
Chr09	5845502	0.339692375	8.62
Chr09	5992694	0.734384776	8.67
Chr09	6333115	2.687934358	8.92
Chr09	6615860	1.891900534	9.68
Chr09	6991144	0.483308926	10.39
Chr09	7404958	1.004168975	10.59
Chr09	8002467	1.862837443	11.19
Chr09	8383606	0.601420555	11.9
Chr09	8549879	0.364094461	12
Chr09	8824533	0.703586729	12.1
Chr09	9336197	0	12.46
Chr09	9579906	0.944041024	12.46
Chr09	9844725	0.811048097	12.71
Chr09	10337914	1.68193867	13.11
Chr09	10486552	0	13.36
Chr09	10647971	0.945952604	13.36
Chr09	11662821	0	14.32
Chr09	11878785	0.974070713	14.32
Chr09	12299699	0.27302093	14.73
Chr09	13581652	0.463041721	15.08
Chr09	14575083	0.227140573	15.54
Chr09	14795211	0.095963948	15.59
Chr09	15837269	0.708345729	15.69
Chr09	16331378	0.507865998	16.04
Chr09	16922085	0	16.34
Chr09	17137177	0	16.34
Chr09	18084107	0	16.34
Chr09	18286808	0.191211901	16.34
Chr09	18548298	0.119719473	16.39
Chr09	18965941	0.057045521	16.44
Chr09	19842434	0	16.49
Chr09	20198799	0	16.49
Chr09	20199766	0	16.49
Chr09	20353675	0	16.49
Chr09	20480212	0	16.49
Chr09	20660044	0.145989131	16.49
Chr09	21756016	0	16.65
Chr09	22923125	0	16.65
Chr09	23140259	0.134276491	16.65
Chr09	23512625	0.253057568	16.7
Chr09	23907792	0	16.8
Chr09	24076034	0	16.8
Chr09	24289016	0	16.8
Chr09	24379129	0.916143549	16.8
Chr09	25197778	0	17.55
Chr09	25802261	1.690361751	17.55
Chr09	26524000	0.484718323	18.77
Chr09	27060394	1.827714496	19.03
Chr09	27722423	2.194112465	20.24
Chr09	28023228	1.455824463	20.9
Chr09	28366676	2.505407505	21.4
Chr09	28486417	1.370242103	21.7
Chr09	28858614	1.312019977	22.21
Chr09	29552201	0	23.12
Chr09	29633858	2.212096454	23.12
Chr09	30253180	2.997695747	24.49
Chr09	31083818	4.032969807	26.98
Chr09	31978940	4.21718192	30.59
Chr09	32318029	1.951911409	32.02
Chr09	32625420	5.201817764	32.62
Chr09	32938772	2.172949388	34.25
Chr09	33168874	3.686040764	34.75
Chr09	34218781	3.234152652	38.62
Chr09	34549625	14.30247155	39.69
Chr09	34646811	5.506156735	41.08
Chr09	35257037	8.893062307	44.44
Chr09	36162237	12.65102733	52.49
Chr09	36381982	0	55.27
Chr10	97140	0	0
Chr10	117702	3.559103512	0
Chr10	1792281	3.94121028	5.96
Chr10	2035861	2.853959822	6.92
Chr10	4688316	1.904955903	14.49
Chr10	5218512	1.576839383	15.5
Chr10	5281930	3.771648754	15.6
Chr10	5576231	1.823506373	16.71
Chr10	7320124	1.890165373	19.89
Chr10	8256550	1.442534574	21.66
Chr10	8741807	0	22.36
Chr10	8984866	1.901561463	22.36
Chr10	9305655	1.451584351	22.97
Chr10	9588105	1.301774383	23.38
Chr10	10671242	1.689817162	24.79
Chr10	10730420	0	24.89
Chr10	10809259	1.184264357	24.89
Chr10	11923875	0.787209095	26.21
Chr10	13130670	0.439479305	27.16
Chr10	13471983	0.372467223	27.31
Chr10	14035791	0	27.52
Chr10	15045253	0	27.52
Chr10	16267574	0	27.52
Chr10	17065438	0	27.52
Chr10	18879558	0	27.52
Chr10	19395677	0.186885846	27.52
Chr10	19930763	1.382146127	27.62
Chr10	20220168	0.612323552	28.02
Chr10	21053061	0.520261588	28.53
Chr10	21245272	1.020455021	28.63
Chr10	21441263	1.883868902	28.83
Chr10	21653592	1.554211575	29.23
Chr10	21949562	0.589268247	29.69
Chr10	22373817	2.133336143	29.94
Chr10	22753504	4.860031104	30.75
Chr10	22784368	3.1326358	30.9
Chr10	22912056	0.31004291	31.3
Chr10	23073324	1.118720838	31.35
Chr10	23439814	2.719780967	31.76
Chr10	23550117	0	32.06
Chr10	23746882	2.469644607	32.06
Chr10	24382601	2.307401616	33.63
Chr10	25782444	2.55570662	36.86
Chr10	26553268	3.138790769	38.83
Chr10	27407100	4.069038012	41.51
Chr10	27643028	4.103090927	42.47
Chr10	28620340	4.877993443	46.48
Chr10	28972944	3.808941281	48.2
Chr10	30771344	3.547799406	55.05
Chr10	31084214	0	56.16
Chr10	31166023	0	56.16
Chr10	31223727	0	56.16
Chr11	69272	2.489739097	0
Chr11	1013146	5.378189999	2.35
Chr11	1429643	1.517869807	4.59
Chr11	1831522	2.770036271	5.2
Chr11	2600465	0.448527037	7.33
Chr11	2934893	3.771450123	7.48
Chr11	3014438	3.801528107	7.78
Chr11	3201205	0.60610836	8.49
Chr11	3531179	0.155422376	8.69
Chr11	3852883	0	8.74
Chr11	4339314	0	8.74
Chr11	4401586	1.218494307	8.74
Chr11	4565723	1.829261075	8.94
Chr11	5495060	3.875893878	10.64
Chr11	5546661	4.218683216	10.84
Chr11	5726812	0.983352262	11.6
Chr11	6448832	1.313042451	12.31
Chr11	6601150	1.269022113	12.51
Chr11	7073955	0.528745235	13.11
Chr11	7263082	3.129025965	13.21
Chr11	7780815	3.313650611	14.83
Chr11	7964902	1.498520904	15.44
Chr11	8505435	0	16.25
Chr11	8556286	0.977665378	16.25
Chr11	9947355	1.446077631	17.61
Chr11	10161728	0.357751461	17.92
Chr11	11000299	1.019520418	18.22
Chr11	11294555	0	18.52
Chr11	11322573	0.72345813	18.52
Chr11	11820183	1.464464763	18.88
Chr11	12025036	2.046470625	19.18
Chr11	12469704	2.539458212	20.09
Chr11	12831986	0.872793288	21.01
Chr11	13003848	0.073435458	21.16
Chr11	13684718	0.642359773	21.21
Chr11	13996070	0.339648532	21.41
Chr11	14437703	0.105825705	21.56
Chr11	14910178	0.567553971	21.61
Chr11	16073063	0	22.27
Chr11	16264760	0.255943258	22.27
Chr11	17241539	0	22.52
Chr11	17746746	0	22.52
Chr11	17894983	0.458379587	22.52
Chr11	20098397	0	23.53
Chr11	20238961	0	23.53
Chr11	20545219	0	23.53
Chr11	20587329	0	23.53
Chr11	20914099	0	23.53
Chr11	21433003	0.199821614	23.53
Chr11	22533985	1.111998553	23.75
Chr11	23667080	0	25.01
Chr11	23768204	0.501831686	25.01
Chr11	23867839	0.751818538	25.06
Chr11	24679205	0.309820057	25.67
Chr11	25001973	0	25.77
Chr11	25247153	0.78739193	25.77
Chr11	25818660	0	26.22
Chr11	25884220	2.154098846	26.22
Chr11	25958497	0	26.38
Chr11	25969723	0	26.38
Chr11	26537318	0.111458863	26.38
Chr11	26985914	0.603500302	26.43
Chr11	27234464	0.249118742	26.58
Chr11	28840124	1.529876194	26.98
Chr11	29539527	0	28.05
Chr11	29675107	1.85945803	28.05
Chr11	29917113	2.162959496	28.5
Chr11	30199134	2.511994775	29.11
Chr11	30398179	3.044901421	29.61
Chr11	30582093	0.67077179	30.17
Chr11	30656634	2.026956205	30.22
Chr11	31954146	2.939544835	32.85
Chr11	32406597	3.287347488	34.18
Chr11	32856808	2.837160334	35.66
Chr11	35331113	11.77069415	42.68
Chr11	35456849	4.394678776	44.16
Chr11	36002964	3.828014945	46.56
Chr11	36133580	3.650382096	47.06
Chr11	36426700	2.270353721	48.13
Chr11	36514792	1.335226388	48.33
Chr11	36739473	4.734835526	48.63
Chr11	37104850	6.667241429	50.36
Chr11	37800790	5.698611369	55
Chr11	38139469	5.949812711	56.93
Chr11	38867223	0	61.26