ID	Stem color	Pod color	Number of seeds per pod	Seed weight(g)	Seed-coat color	flowering to maturing duration	Flower color	Pod length(cm)	Seed shape	Lower leaflet shape	Upper leaflet shape	Climbing habit	Trichome
AZ026	9	7	9.4	1.7	3	43	5	7	5	1	1	3	4
AZ026	9	7	9.8	2.3	3	32	5	7	5	1	5	4	3
AZ026	9	7	6.8	3.6	3	24	5	5	3	1	1	3	3
AZ026	9	7	9.4	3.7	3	32	5	7	7	1	1	3	4
AZ026	9	7	8.6	3.3	3	93	5	6	5	5	5	3	3
AZ026	9	7	7.8	2.5	3	27	5	6	5	5	5	3	3
AZ026	9	7	9.8	2.3	3	42	5	7	5	5	7	3	5
AZ072	9	7	6.3	1.7	3	21	5	10	5	1	5	3	5
AZ073	9	7	7.2	1.8	3	20	5	10	5	1	5	3	5
AZ085	9	7	7.5	2.5	3	24	5	6	3	5	7	3	3
AZ087	9	7	8.7	2	9	37	5	6	3	5	7	3	3
AZ088	9	7	7.3	3.7	9	27	5	4	5	5	5	3	3
AZ089	9	7	6.8	3.5	3	34	5	6	5	5	7	3	3
AZ093	9	7	10	3	3	30	5	7	5	1	1	3	4
AZ094	9	7	8.6	2.7	3	32	5	5	5	1	1	3	4
AZ095	9	7	10	3.2	3	28	5	7	5	1	5	3	4
AZ097	9	7	7.8	2.4	3	28	5	5	5	5	5	3	3
AZ099	9	7	10.2	3	3	26	5	7	5	1	5	3	4
AZ100	9	7	8.2	3.3	3	20	5	6	5	1	5	3	4
AZ101	9	7	10.6	2.8	3	24	5	6	5	1	5	3	4
AZ102	9	7	11.4	2.4	3	31	5	6	5	1	1	3	4
AZ103	9	7	10.6	2.7	3	28	5	8	5	1	1	3	4
AZ104	9	7	9.8	2.5	3	33	5	7	5	1	5	3	4
AZ108	9	7	10.6	1.7	3	30	5	7	5	5	5	3	5
AZ109	9	5	10.8	2.5	3	40	5	8	7	5	5	3	5
AZ110	9	7	11.4	3.6	3	30	5	8	7	1	1	3	5
AZ111	9	7	8.2	2.7	3	28	5	6	7	5	7	3	5
AZ112	9	7	11.2	4.3	3	32	5	8	7	1	1	3	4
AZ113	9	7	10	5	3	32	5	7	7	1	1	3	5
AZ115	9	7	9.2	3.6	3	29	5	6	7	1	1	3	5
AZ116	9	7	9.8	5	3	35	5	9	7	5	5	3	4
AZ117	NA	NA	NA	2.7	9	59	5	NA	3	NA	NA	NA	NA
AZ118	NA	NA	NA	5.6	2	49	5	NA	3	NA	NA	NA	NA
AZ120	9	7	8.3	2.4	3	27	5	6	5	5	5	3	3
AZ121	9	5	9.4	2.3	6	29	5	7	5	5	7	3	5
AZ122	9	5	8	2.4	3	28	5	5	5	5	7	3	5
AZ123	9	5	7.2	1.7	3	27	5	5	5	1	5	3	5
AZ124	9	5	7.4	2.7	3	27	5	5	5	5	7	3	5
AZ125	9	7	9.8	2.4	3	28	5	7	5	5	7	3	5
AZ126	9	7	10.2	2.3	3	29	5	6	5	5	7	3	5
AZ127	9	5	9.8	2.7	3	28	5	7	5	5	7	3	5
AZ128	9	7	9.8	2.3	3	28	5	7	5	1	7	3	5
AZ130	9	7	10.6	2.9	3	36	5	8	5	1	7	3	5
AZ132	9	7	8.2	2.2	3	33	5	6	5	5	7	3	3
AZ133	9	5	9.8	2.9	3	34	5	7	5	5	5	3	5
AZ134	9	6	9.6	2.5	3	113	5	7	5	1	1	3	3
AZ137	9	7	6.8	1.7	3	23	5	11	5	1	5	3	5
AZ138	9	7	5.9	2	3	25	5	9	5	1	5	3	3
AZ139	9	7	6.5	3.1	3	24	5	9	5	1	5	3	3
AZ140	9	7	6.1	1.8	3	21	5	10	5	1	5	3	3
AZ141	9	5	9	1.6	3	23	5	6	5	1	1	3	3
AZ142	1	5	8.4	1.6	3	16	5	5	5	1	1	3	3
AZ143	9	7	6.3	2	3	21	5	10	5	5	5	3	3
AZ144	9	7	6.7	2.2	3	118	5	9	5	1	5	3	3
AZ145	9	7	6.7	1.5	3	29	5	9	5	1	5	3	3
AZ146	9	6	11	2.8	3	26	5	7	5	1	1	3	3
AZ147	9	7	7.4	2.3	3	28	5	5	5	1	1	3	3
AZ148	9	7	10	2.3	3	23	5	6	5	1	1	3	3
AZ149	9	7	8	1.9	3	21	5	5	5	1	1	3	3
AZ154	1	1	6.3	10.4	5	49	NA	NA	NA	NA	NA	NA	NA
AZ300	1	1	7.4	15.8	5	42	NA	NA	NA	NA	NA	NA	NA
AZ517	1	NA	5.7	5.7	4	NA	NA	NA	NA	NA	NA	NA	NA
AZ524	1	NA	7.1	5.3	1	NA	NA	NA	NA	NA	NA	NA	NA
AZ546	1	7	6.2	10.3	2	50	NA	NA	NA	NA	NA	NA	NA
AZ554	1	2	7.6	6.5	5	52	NA	NA	NA	NA	NA	NA	NA
AZ583	1	1	8.2	6.4	1	50	NA	NA	NA	NA	NA	NA	NA
AZ604	9	7	9.8	2.2	3	28	5	6	5	1	5	3	3
AZ604	9	6	9.8	2	3	40	5	7	5	5	5	3	3
AZ604	9	7	8.1	1.9	3	16	5	6	9	NA	1	3	3
AZ604	9	7	8.8	2.6	3	34	5	6	7	5	5	3	4
AZ604	9	7	6.5	2.6	3	41	5	5	5	5	7	3	3
AZ604	9	7	8.2	2.1	3	21	5	5	5	5	5	3	3
AZ604	9	7	9.8	2.4	3	38	5	6	5	5	7	3	5
AZ611	9	7	11	2	3	29	5	7	5	1	5	3	3
AZ611	9	7	11.4	1.8	3	30	5	8	5	5	5	3	5
AZ611	9	6	6.3	2.9	3	22	5	7	3	1	1	3	3
AZ611	9	7	10.6	3.5	3	32	5	7	7	5	5	3	5
AZ611	9	7	8.4	1.8	9	26	5	6	5	5	7	3	3
AZ611	9	7	8.2	1.8	3	16	5	5	5	5	5	3	3
AZ611	9	7	10.6	2.2	3	28	5	7	7	5	5	3	5
AZ611	9	7	10.2	2.1	3	22	5	8	5	1	5	3	3
AZ611	9	7	6.6	1.9	3	18	5	10	5	1	5	3	5
AZ611	9	7	7.8	1.4	3	21	5	5	7	1	1	3	3
AZ611	9	7	10.6	1.6	3	24	5	6	5	1	5	3	3
AZ611	9	7	9.5	2.2	8	44	5	6	5	5	5	3	3
AZ611	9	7	9.8	1.8	3	21	5	6	5	1	1	3	NA
AZ611	9	6	8.8	2.2	3	28	5	7	5	1	5	3	3
AZ651	1	5	4.9	19.7	5	85	NA	NA	NA	NA	NA	NA	NA
AZ699	1	5	11.6	6.6	5	36	4	9	5	1	1	3	5
AZ701	9	5	10.4	7	7	35	5	9	5	1	1	7	7